........programs must be written for people to read, and only incidentally for machines to execute..........
....Preface to the First Edition, Structure and Interpretation of Computer Programs, Abelson and Sussman....
. . .       
. . 
.
                           1111111111    1111111111                             
           11111111      1111110111111110111111111111                           
         111111111111   1110001000001111110100000001111   1111111111            
       111111100000111101100000000000011 10000000000011110010000000111          
      11111100000000011111000000000000011 000000000000010010000000000111        
     111100000000000001111001      0000001        00000110100000000000011       
    01011100      000001110        000000111        0001100000000000000011      
   0011110          000100        0000000011         000000        0000011      
   011110            1011         0000000011          0000           000011     
  101110              11          00000000111          00             000011    
  011111               1          00011 00111          0              000111    
  01111                           00111 00111                          00011    
  01111                           01111 00111                          000 1    
  01111                           11111 01111                          00011    
  11111                           11111000111                          00011    
  11111                           1111100011                           00011    
  111111                          1111 10111                           00111    
  1111 1                           111110111                          000111    
   111111                          1111 111                           00011     
   1111 1                          11111111                          000011     
    1111 1                          111111                          000001      
    11111 1                         111111                          001101      
     1111111                       00111111                        001111       
      11111 1                     1000111111                      000101        
       1111111                    00001111                       0000001        
       1111111                   0000001111 1                   0000001         
        1111111                 1000000 1111 1                 0000001          
         1111111                000000  111111                0000011           
          1111111              101100    1011 1              0000010            
           1111111            1010001     1011 1            0000011             
            11111 1           111111      100111           0000101              
             1111111         111111        000111         0000000               
              11011 1       1111111         0011 1       0001100                
               10011 1      111111          000111      0000011                 
                10011 1    111011            000111    0000001                  
                 10011 1  1110101            1001111  0000000                   
                  10011 1 011111              000111 0000001                    
                   00011 111001                0001 0000000                     
                    00011110111                00001000000                      
                     000111001                  000100000                       
                      0001110                    0000000                        
                       000111                    000000                         
                        0001                      0001                          
                         01                        00                           
                          1                        0                         


